Top 5
Hit Ratio:0.06796
Precision:0.01359
Recall:0.06796
NDCG:0.04247
Top 10
Hit Ratio:0.12729
Precision:0.01273
Recall:0.12729
NDCG:0.06143
