Top 5
Hit Ratio:0.06149
Precision:0.0123
Recall:0.06149
NDCG:0.038
Top 10
Hit Ratio:0.11866
Precision:0.01187
Recall:0.11866
NDCG:0.05634
