Top 5
Hit Ratio:0.07551
Precision:0.0151
Recall:0.07551
NDCG:0.04813
Top 10
Hit Ratio:0.12729
Precision:0.01273
Recall:0.12729
NDCG:0.06478
