Top 5
Hit Ratio:0.07551
Precision:0.0151
Recall:0.07551
NDCG:0.0441
Top 10
Hit Ratio:0.13484
Precision:0.01348
Recall:0.13484
NDCG:0.06321
